240.0
200.0
360.0
360.0
180.0
210.0
610.0
410.0
140.0
180.0
990.0
320.0
130.0
240.0
160.0
210.0
1090.0
300.0
240.0
230.0
150.0
300.0
220.0
190.0
260.0
230.0
200.0
140.0
230.0
270.0
280.0
170.0
180.0
290.0
180.0
240.0
150.0
260.0
270.0
250.0
270.0
160.0
140.0
300.0
220.0
250.0
280.0
280.0
290.0
260.0
300.0
160.0
550.0
220.0
350.0
280.0
210.0
230.0
250.0
310.0
160.0
240.0
320.0
270.0
130.0
1070.0
280.0
250.0
230.0
150.0
230.0
390.0
280.0
350.0
310.0
250.0
320.0
200.0
290.0
120.0
230.0
580.0
210.0
260.0
100.0
160.0
360.0
310.0
260.0
220.0
270.0
230.0
140.0
280.0
320.0
160.0
330.0
260.0
240.0
260.0
140.0
110.0
250.0
190.0
290.0
310.0
160.0
80.0
220.0
110.0
170.0
360.0
230.0
200.0
140.0
200.0
310.0
220.0
650.0
110.0
