240.0
150.0
140.0
290.0
300.0
250.0
120.0
200.0
160.0
130.0
140.0
180.0
200.0
260.0
250.0
480.0
240.0
380.0
430.0
230.0
250.0
200.0
540.0
770.0
210.0
180.0
1040.0
230.0
250.0
210.0
220.0
190.0
140.0
410.0
250.0
170.0
150.0
280.0
600.0
240.0
270.0
280.0
260.0
1040.0
260.0
420.0
490.0
180.0
170.0
190.0
200.0
410.0
230.0
150.0
310.0
280.0
460.0
210.0
510.0
420.0
140.0
120.0
190.0
410.0
360.0
190.0
310.0
330.0
1030.0
360.0
250.0
510.0
160.0
240.0
230.0
280.0
270.0
310.0
120.0
220.0
220.0
200.0
290.0
490.0
620.0
160.0
340.0
350.0
330.0
400.0
250.0
400.0
300.0
160.0
250.0
90.0
280.0
280.0
270.0
860.0
340.0
560.0
440.0
610.0
220.0
270.0
170.0
360.0
150.0
240.0
150.0
240.0
170.0
60.0
230.0
500.0
970.0
510.0
470.0
250.0
