160.0
160.0
180.0
290.0
310.0
140.0
120.0
100.0
200.0
190.0
260.0
280.0
290.0
240.0
140.0
1080.0
230.0
450.0
270.0
770.0
1070.0
220.0
260.0
330.0
160.0
210.0
170.0
310.0
140.0
260.0
220.0
180.0
240.0
260.0
180.0
250.0
350.0
340.0
460.0
380.0
270.0
240.0
1000.0
280.0
160.0
230.0
170.0
280.0
200.0
200.0
240.0
720.0
270.0
390.0
270.0
280.0
210.0
210.0
170.0
190.0
360.0
170.0
190.0
300.0
250.0
230.0
460.0
180.0
170.0
690.0
610.0
180.0
190.0
230.0
140.0
460.0
240.0
240.0
150.0
250.0
540.0
650.0
330.0
110.0
230.0
280.0
150.0
200.0
280.0
390.0
520.0
270.0
300.0
240.0
120.0
350.0
200.0
340.0
340.0
290.0
170.0
270.0
730.0
230.0
360.0
590.0
260.0
160.0
260.0
310.0
250.0
490.0
160.0
280.0
310.0
190.0
120.0
310.0
500.0
230.0
